[cam_0]
name = "cam1"
size = [ 540, 960,]
matrix = [ [ 631.5167934520213, 0.0, 269.5,], [ 0.0, 631.5167934520213, 479.5,], [ 0.0, 0.0, 1.0,],]
distortions = [ -0.08151143758714718, 0.0, 0.0, 0.0, 0.0,]
rotation = [ -0.0034515591088673477, -0.0011814218530108833, -0.0004220696783781168,]
translation = [ 2.3072434738475303, -9.358316386382402, 97.29880538330649,]

[cam_1]
name = "cam2"
size = [ 540, 960,]
matrix = [ [ 632.9469607337733, 0.0, 269.5,], [ 0.0, 632.9469607337733, 479.5,], [ 0.0, 0.0, 1.0,],]
distortions = [ -0.13425704271063277, 0.0, 0.0, 0.0, 0.0,]
rotation = [ 0.1897465705053561, -0.1787938568867121, 0.010370076311173862,]
translation = [ 1037.1928153440256, 302.58765344506526, 311.7234110594002,]

[cam_2]
name = "cam3"
size = [ 540, 960,]
matrix = [ [ 612.3210982116552, 0.0, 269.5,], [ 0.0, 612.3210982116552, 479.5,], [ 0.0, 0.0, 1.0,],]
distortions = [ -0.09070944386887454, 0.0, 0.0, 0.0, 0.0,]
rotation = [ -0.085239231689378, -0.5277010235672568, -0.03344028205147003,]
translation = [ 1989.8801092970386, -139.9928954521804, 696.470520374659,]

[metadata]
