[cam_0]
name = "cam1"
size = [ 540, 960,]
matrix = [ [ 630.8749144933827, 0.0, 269.5,], [ 0.0, 630.8749144933827, 479.5,], [ 0.0, 0.0, 1.0,],]
distortions = [ -0.08279515322474812, 0.0, 0.0, 0.0, 0.0,]
rotation = [ -0.0036571452562573457, -0.001670471031826236, -0.0003162380197254033,]
translation = [ 3.963989591064053, -10.00444149762043, 94.86137269644654,]

[cam_1]
name = "cam2"
size = [ 540, 960,]
matrix = [ [ 633.1777332092478, 0.0, 269.5,], [ 0.0, 633.1777332092478, 479.5,], [ 0.0, 0.0, 1.0,],]
distortions = [ -0.13782168428192063, 0.0, 0.0, 0.0, 0.0,]
rotation = [ 0.18988208504190648, -0.17854277197807034, 0.010523793986055918,]
translation = [ 1036.3545252446359, 302.82421879151167, 312.7796637880146,]

[cam_2]
name = "cam3"
size = [ 540, 960,]
matrix = [ [ 612.7160706939292, 0.0, 269.5,], [ 0.0, 612.7160706939292, 479.5,], [ 0.0, 0.0, 1.0,],]
distortions = [ -0.0880112960370635, 0.0, 0.0, 0.0, 0.0,]
rotation = [ -0.08517565651116225, -0.527504525551981, -0.03336677175429656,]
translation = [ 1988.8624894379366, -139.82520526953886, 698.6272468812708,]

[metadata]
