[cam_0]
name = "cam1"
size = [ 540, 960,]
matrix = [ [ 612.9505145020341, 0.0, 269.5,], [ 0.0, 612.9505145020341, 479.5,], [ 0.0, 0.0, 1.0,],]
distortions = [ -0.08875050447927496, 0.0, 0.0, 0.0, 0.0,]
rotation = [ -0.0011402924014090154, 0.00029624892226857145, -0.0013357300019184828,]
translation = [ 0.7257083946872178, -6.423347203975626, 116.23375547512474,]

[cam_1]
name = "cam2"
size = [ 540, 960,]
matrix = [ [ 622.5813067065566, 0.0, 269.5,], [ 0.0, 622.5813067065566, 479.5,], [ 0.0, 0.0, 1.0,],]
distortions = [ -0.10999751961849596, 0.0, 0.0, 0.0, 0.0,]
rotation = [ 0.012863897742504397, 0.29215747032385697, 0.09769473637761977,]
translation = [ -990.9887320181733, 71.7738884144399, -0.21319729565282897,]

[cam_2]
name = "cam3"
size = [ 540, 960,]
matrix = [ [ 620.1980766177379, 0.0, 269.5,], [ 0.0, 620.1980766177379, 479.5,], [ 0.0, 0.0, 1.0,],]
distortions = [ -0.10227548399002513, 0.0, 0.0, 0.0, 0.0,]
rotation = [ 0.019876718126461346, 0.7970576880439623, 0.251573385760272,]
translation = [ -2212.790999466317, -177.21448538342528, 1006.146291125997,]

[metadata]
