[cam_0]
name = "cam1"
size = [ 540, 960,]
matrix = [ [ 645.8226201849019, 0.0, 269.5,], [ 0.0, 645.8226201849019, 479.5,], [ 0.0, 0.0, 1.0,],]
distortions = [ -0.08267177058919116, 0.0, 0.0, 0.0, 0.0,]
rotation = [ -0.003309983850759708, 0.00029140684951565137, -0.00044350493481870584,]
translation = [ -1.86799461160297, -9.435741942951523, 85.67139249314843,]

[cam_1]
name = "cam2"
size = [ 540, 960,]
matrix = [ [ 635.5981283491565, 0.0, 269.5,], [ 0.0, 635.5981283491565, 479.5,], [ 0.0, 0.0, 1.0,],]
distortions = [ -0.13137151507024353, 0.0, 0.0, 0.0, 0.0,]
rotation = [ 0.18889714957541243, -0.18088521102330152, 0.010204641284754882,]
translation = [ 1057.8445969170114, 315.2041246087668, 250.88587225780068,]

[cam_2]
name = "cam3"
size = [ 540, 960,]
matrix = [ [ 612.7289295686011, 0.0, 269.5,], [ 0.0, 612.7289295686011, 479.5,], [ 0.0, 0.0, 1.0,],]
distortions = [ -0.08650735356322195, 0.0, 0.0, 0.0, 0.0,]
rotation = [ -0.08663412152714442, -0.5307221539879411, -0.03359257572873285,]
translation = [ 2037.7162300624257, -151.0137912542946, 637.4994733422426,]

[metadata]
