[cam_0]
name = "cam1"
size = [ 540, 960,]
matrix = [ [ 648.1009692815895, 0.0, 269.5,], [ 0.0, 648.1009692815895, 479.5,], [ 0.0, 0.0, 1.0,],]
distortions = [ -0.1126689448553773, 0.0, 0.0, 0.0, 0.0,]
rotation = [ 0.009651299766211596, 0.00815447841032445, -0.02891542065734969,]
translation = [ -30.534797522680687, 35.98407296160789, -49.49568091781956,]

[cam_1]
name = "cam2"
size = [ 540, 960,]
matrix = [ [ 648.8804366192953, 0.0, 269.5,], [ 0.0, 648.8804366192953, 479.5,], [ 0.0, 0.0, 1.0,],]
distortions = [ -0.13558141187582562, 0.0, 0.0, 0.0, 0.0,]
rotation = [ 0.19446483785017776, -0.46560900604893285, -0.05500423321890856,]
translation = [ 1094.5485777132526, 369.4120651771268, 243.64276705202775,]

[cam_2]
name = "cam3"
size = [ 540, 960,]
matrix = [ [ 642.6808825222108, 0.0, 269.5,], [ 0.0, 642.6808825222108, 479.5,], [ 0.0, 0.0, 1.0,],]
distortions = [ -0.10078692699484997, 0.0, 0.0, 0.0, 0.0,]
rotation = [ -0.07821333003981301, -0.8297499044224402, -0.058616360067825474,]
translation = [ 2125.0133902356656, -114.47338931224695, 728.044678056419,]

[metadata]
